1551120166779592705
1549494367626428417
1548657667777896449
1547576864566194177
1547531228739403778
1544310658837225473
1544238863387852801
1544152763927613440
1541502775481274371
1538419904554188802
1538055467007623168
1537356788093313024
1536645356229902340
1536283549170642944
1536283505495265281
1536283100551970818
1533782304442679296
1533387350360920065
1532856775149502467
1532793382401081350
1532618632680951808
1532420117056868352
1532398714773458946
1532396640144859136
1532385295559184384
1529728470225502209
1529165772987191297
1529152334613315586
1529121093667151874
1529117931036151808
1529109977893421056
1529109073072889858
1529086725443706884
1529081125787811840
1527397177642954753
1527390285495517184
1527274911756128256
1527274885126402050
1526687114938658817
1526546224651845632
1524817855665033216
1522555266478358529
1520196508414578688
1520194945570816000
1519214791939796992
1516720394270556163
1515765260526964738
1514656813161066500
1513290532700708868
1513235322980737030
1513165141566763008
1513149445931683847
1513146389005541381
1513146286740230154
1513146237725335560
1513130289987530758
1513119632407896067
1513102522025664515
1512837950828130308
1512805426202566658
1512804650814214157
1512801163456008199
1512797200077762564
1512796723554439178
1512562872072683525
1512062626141925378
1511799427538710528
1511792283766697986
1511392511016718343
1511367216469622790
1511280699319406599
1506772007987392521
1505950728111947778
1505573218727432192
1505544928436310016
1504466373296238594
1504447591576215552
1504444806960979968
1504170656052793346
1503746958846042118
1503141868284039168
1503137142222082053
1503136068819992579
1502263655508987904
1502178315062317056
1501961953073377284
1501852111973359618
1501848761567481858
1501836959727165442
1501836117104078850
1501795504618979330
1501737552013066241
1501680548409921540
1501677919525126157
1501676246463356929
1501628840250163200
1501621510754160641
1501616645206417413
1501616538427744259
1501616466155773965
1501614730879848451
1501613951683112962
1501613632244928514
1501598510633861125
1501597790094381057
1501596721276727307
1501583344294891527
1501578719307214852
1501576613699407876
1501575162042499075
1501572992656154626
1501571999835041798
1501560912809021446
1501559361839243272
1501556864085020672
1501556854685642753
1501555019929247745
1501541040611811331
1501538090237706241
1501532023378386945
1501522984313491458
1501516894939009025
1501511933807190016
1501510637561819137
1501505672118259713
1501505080473829378
1501504022775480321
1501501006093422595
1501500497676677124
1501497625920434178
1501497383183601667
1501496867196227585
1501496584366096386
1501496373883068420
1501494124016541698
1501490506198622213
1501490426351661058
1501490330809602048
1501489822715809796
1501489747029598210
1501489564325711874
1499840194819899393
1499394525516603394
1499357539640782851
1499348793560600577
1499346280681996297
1499340896785117185
1499306975204724739
1499103054548905984
1499091940230504450
1499054177380712449
1498976479832649729
1498970551796350976
1498968576325300226
1498968370733010946
1498630720247545858
1496551554396078084
1493679730817646598
1493135415481536512
1492949761778987013
1486306657554546689
1484487204160344066
1484069761680089088
1483814428718125056
1483686107112001536
1481760720492679173
1481760563730522124
1481144992429129728
1481144790368632832
1480152391483809795
1480151534323355650
1480142745792561156
1480087902835073033
1477087516222267395
1476947357912772611
1476945882444615681
1476945814123597827
1476945069861220353
1476945008712421391
1476936678472400898
1476623065341644807
1476295025361399810
1476196171991367683
1476195545429520389
1476165948411453440
1475825395442368521
1475599278601129986
1475587474898538498
1475584720276791306
1475525366370476035
1475230120831037441
1475177513437519879
1475136793343406082
1475135529050116097
1475121968290709514
1475085081714860045
1475030853856206849
1474870988898816000
1474869432145129482
1474867663927222281
1474863093662552069
1474847134415568905
1474846791988400136
1474845768154599427
1474820358863785989
1474812977140404230
1474808061101490177
1474805363450994694
1474805124279279626
1474802159178948614
1474791925928636416
1474789648576753671
1474789576610828291
1474766693566193665
1474759999540936710
1474758524806836234
1474755477594689537
1474748257389752323
1474734379461189632
1474728041167441924
1474721741469540353
1474720902462029827
1474719684608020487
1474718881105207299
1474715452895109124
1474712295397859331
1474712212270989322
1474706978777743360
1474706801887170568
1474705403112005634
1474701624874520577
1474700217924608006
1474699920875692032
1474694988751638534
1474689867040837633
1474685070363578373
1474682428165918723
1474680718689280002
1474679584641761284
1474676182683684869
1474676072876752901
1474675996800557056
1474675980224667648
1474673845315551236
1474673100943937543
1474671158922461184
1474669963298357250
1474669040551481344
1474668967453208580
1474668437565845510
1474667370207756293
1474667317246132224
1474667016929820672
1474666567073992706
1474346754543960067
1474326530859966466
1474062083784384524
1474059477905289218
1474048290895323146
1474037703201202176
1474032590936059910
1474006650814087169
1474006638910742532
1474006627045068802
1474006610271952906
1474005910540460048
1474005501558112260
1474003809743556613
1473992651628331009
1473985228834484225
1473984518361075717
1473982385578467328
1473978670968619008
1473978256676495364
1473978251009740804
1473977359183323139
1473977098540920834
1473974603533979649
1473974386394906627
1473973625212571653
1473973101385986049
1473968155525627904
1473961583403540490
1473960527873429505
1473960476031832066
1473958364413669380
1473956468126887936
1473956159166066689
1473954220353200128
1473953246217654272
1473952379645145092
1473950002582110209
1473949828619059202
1473807286015610881
1473279153084542981
1472630605896728588
1471983468775190532
1471905955587706896
1471884029276430345
1471844824907415553
1471825889675595782
1471825043936186372
1470409159053131786
1470002306779340802
1469957398160982019
1469955897585770506
1468384754991050753
1468250542426230787
1468162537422217216
1468161663161540612
1463920169571520515
1463055195114332161
1462736444267667459
1462112921228648452
1462106098610192396
1462090162771570689
1462075545680760839
1462037877324402688
1462036501391454208
1461683353317523458
1461669040242495493
1461655252856365063
1461650702724472832
1461647087318310914
1461646748171051017
1461638426445422594
1461396244190879747
1460501931483357187
1460405149613146116
1460014969018359818
1458872291778076677
1458553752609230853
1456577916670709767
1454890311252054017
1454889732069019651
1451272417586855943
1448665313336201225
1448230616852488195
1445349784693399552
1443904542890991622
1442797450071314436
1441799782670819339
1441794798537494533
1441734727686307843
1441726055769903105
1441690683639623684
1441646458663575553
1441580036562296838
1441417509291311110
1441051692620029955
1440233829826908166
1438599959742406662
1437900964539871235
1429850711311925251
1429817688084385796
1429184197424390149
1428955943765696517
1428918899270164480
1428732068624748545
1428732054951317512
1428732043219947529
1428732031572271111
1428731959711309824
1428727024084996109
1428726047625854979
1428725578606202893
1428724739040858122
1428724313427959809
1428723295470432256
1428719153263820808
1428719151988760582
1428719106337947649
1426246570668920838
1425930189767417857
1425919791538262027
1425895909469130757
1425811294163128324
1425803048442531843
1425801735893917696
1425794723298619398
1425784587079360518
1425050980870205445
1425019184065531916
1421031373964521475
1420487237624647691
1420451349863575555
1420451147509387265
1420422680709378049
1420357452877336583
1420347323360612359
1417181209751400459
1417152006402236417
1417144349016657926
1416138129518600192
1413048439038955523
1412799221749665795
1411899562441252864
1411379684395388938
1409512304237072392
1408714982431375361
1408417950433005575
1408360366212517889
1408336315440111616
1408125703208439817
1408106943298912258
1408099329622134787
1408099050537340929
1408098355645976580
1408096085504036868
1407753238816956419
1406553864560693249
1406416388328243200
1406178995767492609
1406151152572506113
1406139224823373826
1406138619530784771
1405998861005504518
1405997885083238403
1405997162161451012
1405995101340459015
1405994279282135041
1405957771602894855
1405955170350120970
1405930212609646592
1405905273462558725
1405884301493903361
1405870243096977414
1405867344136638464
1405865774795968514
1405857413354430464
1405853580565811204
1405831571647733760
1405830344214028290
1405829945058906113
1405820579505217537
1405820551969624065
1405820516892659714
1405820508533399556
1405820483593977865
1405820453235662851
1405820406460817408
1405818250936700930
1405809076504776706
1405787889145888772
1405782033067094018
1405780848130068480
1405780126332239873
1405778631067115521
1405778442835005446
1405777627533627394
1405774308899622912
1405774227685265413
1405773707935584258
1405771851343695874
1405771337944076288
1405765464974712842
1405762647216168963
1405755503855112192
1405752816300265483
1405749731284852741
1405749713727418368
1405739374008954880
1405729567533191168
1405717076594073600
1405681194990280708
1405674979094630401
1405658181179686912
1405655789382025220
1405655238351151107
1405652088839979009
1405650187905818624
1405649858552336384
1405648503007809537
1405648424280657924
1405648280550268929
1405648004133146630
1405646408733147139
1405646069044817921
1405645693532913667
1405645629309784067
1405644805795876871
1405644696181936129
1405644632759975941
1405644483799269381
1405644402484256770
1405644369487618049
1405643659144466434
1405643336078270464
1405643319598780423
1405642972801212416
1405642863321489414
1405642858984509444
1405642758124195842
1405642664553373696
1405642650993184768
1405642597633253385
1405642221433536518
1405642086146351106
1405641876619894785
1405641819443105794
1405641317393354758
1405641281951481865
1405641093048377355
1405641080469655556
1405641047645032453
1405640970545381380
1405640865536692225
1405640674171621382
1405640639740514307
1405571780706721798
1404704862848360451
1404682894140915714
1404680390577737729
1404539259298758665
1404522563187974144
1404467355783151616
1404456980308238337
1404451376445505540
1404415209041764352
1404408627293736962
1404406492275617797
1404405257510305796
1404402492696371202
1404401562416467970
1404400619415347208
1404399878466420741
1404398522116489216
1404398364163293185
1404397957005328388
1404396680389275648
1404394438101811206
1404393221900406791
1404391270701842433
1404388378947239940
1404386479825096707
1404383109026562054
1404382872136474624
1404382561758031873
1404381936223768580
1404381626310746112
1404381277822799874
1404381263121817601
1404381242762698757
1404381139737972738
1404380972515303424
1404139959875932163
1403448817123479556
1402562406409191426
1402561117151318016
1402545705605083137
1402542927235141637
1402526379644702720
1402401524228050953
1402353062191284238
1402349426472017923
1402334732411674630
1402306889472376832
1402306453742964736
1402305641310457863
1402305598839005189
1402304922910134280
1402302128769667072
1402297103418904581
1402294947542409218
1402285068069093382
1402284740703567872
1402283671323877380
1402283070015905798
1402283059555311627
1402283050453635073
1402283042127876098
1402283032791367681
1402283023555608583
1402282475817156611
1402277902750826506
1402277769485094917
1402274786462605329
1402274021232742413
1402269268507512847
1402267931891974145
1402267853106073605
1402265933742288902
1401837896483676160
1401833550333321217
1398315782157881348
1398168222994685957
1398149262270156800
1398145554564194305
1398038093337448452
1398034521468149765
1398031978511978506
1398016038965497856
1398005479134093312
1398001667031941122
1397990503308828672
1397988598763360260
1397986112753352708
1397248367550504969
1395842895790415877
1394702739020603392
1394658504686936072
1394647593217626116
1394613938038484995
1394592135719030785
1394582452828508160
1394580953318764544
1394559755503521796
1394554475919118336
1394553798870421508
1394552213184331779
1394546670189355009
1394545250702659586
1394541812929515538
1394540937955663875
1394540069395083265
1394538096373469185
1394536666275225605
1394529370962804740
1394527166809972737
1394519041226821633
1394518972016611328
1394509888609476608
1394457160139030539
1394435744911925249
1394435582584098818
1394430507820199945
1394422799754743815
1394417953584656387
1394416815275659272
1394413235495972867
1394413078415036422
1394412138253504513
1394411774229848072
1394411338777219072
1394410511127785474
1394409112679682049
1394409056882810880
1394407672775053319
1394407503367114760
1394406531609804804
1394405173808803842
1394401681597734913
1394401340596568066
1394401192843915270
1394400408865476613
1394398270164803589
1394397431123562506
1394396875294486530
1394395541648420865
1394389460272439300
1394385307261456387
1394384367204585478
1394383660753768448
1394382935466385419
1394380539625345024
1394378198641696772
1394370568032563209
1394366130937077760
1394362493468807171
1394361826918510593
1394360311092760583
1394358045728256003
1394354758526414855
1394354365453017088
1394353771266945024
1394353555319005190
1394352935245651976
1394351327321460736
1394349991368462337
1394349894454894594
1394349769275891716
1394348991429685257
1394347621377060865
1394347100779986946
1394346851801968642
1394346035363946496
1394345898239533056
1394345847610032128
1394343395062173706
1394342858862235651
1394341698596179972
1394340948696567810
1394339369364901889
1394337722018500608
1394336089264070660
1394335966203158531
1394335682596904960
1394334332609867778
1394334193036013577
1394334122471038979
1394333931357577227
1394333702914777088
1394333327990067208
1394332736337465345
1394332725646082049
1394332656377208834
1394332631676956682
1394332363086344193
1394332324603564035
1394332159041736711
1394331668752830465
1394331591976095747
1394331580756336642
1394331456177123334
1394331452699983876
1394331339554443271
1394331244310192132
1394331146402603016
1393994580870287361
1393968063373103107
1393315539225878528
1393304763840745476
1393297435745783810
1393268019376369669
1393265153278451715
1393262799216906244
1393260950707482626
1393250934088732673
1393095536392216576
1392877005050351619
1392822674410385409
1392791109139566592
1392789556378972165
1392781765383626762
1392764110107025408
1392746907760578564
1392736254727495680
1392726727164579843
1392709120667574272
1392680958625816576
1392678923079757824
1392609523190452224
1392606274970275843
1392591111668092928
1392591023092678656
1392584741262614531
1392580610544308225
1392578752832495618
1392578414205407239
1392574204592132096
1392573299750735872
1392569563636801548
1392568540520140802
1392567901228617728
1392565349233709057
1392559805324308480
1392559687183306760
1392557431989886992
1392555960825270274
1392549252656734210
1392547320319905792
1392546238273400840
1392545688060416000
1392544652859953155
1392544036477620225
1392539827392983041
1392537527710539784
1392537058514722823
1392536990495776771
1392535869131829248
1392535868985036800
1392533220386816003
1392531378848378885
1392531026560356354
1392530824940113920
1392530702026121221
1392530590038216704
1392530555175059459
1392530438216982529
1392530090597228545
1392529640506408961
1392529437523075074
1392529365070659601
1392528894704640003
1392527574086082562
1392527558663675909
1392525965125951491
1392524976721469446
1392524975375110146
1392524318383476736
1392523221724024832
1392523115012530176
1392522655086034944
1392522146895863810
1392521700533850116
1392521510699536385
1392521261088223238
1392197878811144194
1392161655270875143
1392161286641815555
1391902845658562562
1391315533719654404
1390954628217556993
1387895772520357891
1387873157499998208
1387816579526709254
1387716689677148162
1387681682917105673
1387400606441148417
1387106876593262596
1386678779385454592
1385198073991897089
1384758805431529472
1384593005571710978
1384513590305214466
1384506744592687107
1384465030620479488
1384464692979007499
1384435696941903874
1384419702517157891
1384388916648755201
1384186618047701000
1384171367344402433
1384166124548333576
1384162711878082569
1384155357782577153
1384146117282045957
1384142507924021248
1384137556296552454
1384126810007379976
1384121011218518026
1384120980365221898
1384110210390790144
1384108823615442946
1384108568480129028
1384106223256039430
1384102238780461059
1384102181289091072
1384102027475636226
1384101902380535810
1384101769634930696
1384101362825195532
1384101302536339460
1384101097443184643
1384101062282338312
1384100863526916097
1382777504323239940
1382742076757004290
1382626597421858818
1382620360810577920
1382620087354548224
1379456292943753218
1377406808684331010
1377290819208675330
1377270581800878082
1377260963582382082
1377249278289121283
1377225422639927311
1377214612429488131
1377197112144900096
1377193655123988480
1377191821047181312
1377180834633981956
1377180238707269632
1377178505583075334
1377177753523347458
1377177462879055881
1377176996782829573
1377176229657239553
1377176157993328649
1377171596125724672
1377166114703077377
1377165647927369730
1377164753974386694
1377163722167218178
1377162156680966146
1377161794058297350
1377161077163626501
1377158283622932480
1377157806176886788
1377155824229871617
1377155381881794566
1377151716668280832
1377151259384291329
1376553488059097090
1376487547778519041
1376471715442737154
1376457981387288577
1376433159089311744
1376396785971818500
1376282867358167043
1376273871075217417
1376263075364495360
1376253685395820547
1376251145019080712
1376246615904763905
1376244343565062144
1376239455380594695
1376237811456675844
1376232761225281538
1376227719416008704
1376219613634174979
1376216965270896640
1376213790971289600
1376212617480564740
1376209008927899658
1376207254643425282
1376206647228559360
1376206483365433346
1376206437412659203
1376205993466544129
1376205160754647044
1376205057226633218
1376204846433509377
1376204631911587845
1376204622415683587
1376204454643576835
1376203919026749445
1376203845513121799
1376203838470897671
1376203826181644292
1375045148460072963
1374974348017156096
1374281134205468674
1373944077209767938
1373724386096726019
1373650079375056900
1373392238970077193
1373182043597717504
1372959436768215050
1372668489002024964
1372582806602272773
1372500159200903173
1372497609827434497
1372478766254071810
1372465104151805952
1372464953676939266
1372463985535123457
1372461048134008835
1372449200584192000
1372441719560663040
1372441612870107137
1372441565914927106
1372439146392850432
1372413061831798785
1372354690088906753
1372353026439188486
1372340098621186050
1372324386137587716
1372321152132120587
1372308091556016128
1372307766518382596
1372304518684274691
1372297050117836801
1372295882092199937
1372292321992183810
1372290772381274112
1372290493443362819
1372288738508873732
1372287102050766856
1372285020988174342
1372282950885199878
1372281595860762627
1372279735561170950
1372279020583272455
1372276297993486336
1372276004450926602
1372269308382969858
1372266229864484866
1372265867929587712
1372263223890694148
1372259469409841159
1372253107112054791
1372243046524452871
1372242882757849091
1372242785944887299
1372241814166642695
1372240014411624452
1372239950645768195
1372238720045350912
1372234080515932166
1372232030663143425
1372230259752497155
1372229918835286016
1372226805214679040
1372222358895931394
1372222194772807680
1372221778454581255
1372221733420335105
1372220484826324998
1372220318069178376
1372219588633632781
1372218442531627010
1372217343695282182
1372216692105998349
1372213970501783553
1372211614020202499
1372211399787749380
1372211013781745672
1372210937537646593
1372209130505699333
1372208773675282434
1372207786759700490
1372207292498739203
1372206622915846144
1372206229750226958
1372205472275705859
1372205186802929688
1372203514236112898
1372201379545153548
1372201057502236676
1372200685211631619
1372200631818194945
1372198755559165953
1372198700076908546
1372197425205686274
1372196626710806531
1372196189152686082
1372196131174805504
1372195341408276488
1372193849129512964
1372189623917641728
1372189026615238656
1372188928514621443
1372188570564329479
1372187211509202946
1372186615372726273
1372186343216926723
1372185787169656836
1372185599189344258
1372184998963478536
1372184732679688201
1372184187382419461
1372180915112312834
1372180353490767872
1372179751713042434
1372178905038209024
1372178689664950272
1372175062254690306
1372174927139328007
1372174909997248521
1372174845488824328
1372173981772623873
1372173591173857281
1372173377012654084
1372173273937674240
1372173200168263682
1372172734327820289
1372172445386469376
1372171491421343747
1372170726619418624
1372170440601436162
1372169361583181829
1372168899190489095
1372168185030533122
1372168134040375297
1372167560200880129
1372167553024458753
1372167479506698241
1372166450228641797
1372166054819037184
1372166013270249473
1372165110089797632
1372165067244965892
1372164589761216514
1372164490356199424
1372164466347929601
1372164304322052096
1372164141671198721
1372164061446742020
1372163995428347906
1372163769548345345
1372163645610807305
1372163491608596480
1372162786005037058
1372162520450994183
1372162357439369216
1372162312040243203
1372161681107914752
1372160179769344003
1372159985245896705
1372157691083300866
1372157427588685830
1372157311934988289
1372157277306818567
1372157258793095169
1372156984867315717
1372156854365679619
1372156084295766018
1372155593268551683
1372155524628758530
1372155402394210309
1372155007198449675
1372154942245507075
1372154397661220868
1372154375435661313
1372153218558525442
1372152935019393028
1372152515656040459
1372151589864153088
1372151390089396228
1372150375042670593
1372150165327515649
1372149998188687361
1372149767204130818
1372149408184332295
1372149062624026625
1372148974963064834
1372148845854007300
1372148424792027144
1372148403283591172
1372146981347454977
1372146957381210117
1372146716091289602
1372146608813522944
1372146361219579905
1372146304172851202
1372145374450831360
1372145373251264512
1372145241248137222
1372145177381511174
1372144966928105475
1372144330346012676
1372143809576992773
1372143660310142977
1372143561580408833
1372143145459322881
1372142799345311746
1372142277091586048
1372141645441990659
1372141344064483329
1372139610256642053
1372139316479156229
1372139055689916418
1372138983996719107
1372138931878252551
1372138791683686400
1372138743738597376
1372138713787068416
1372138024516063235
1372137891833520129
1372137888507437065
1372137827551559682
1372137643568472071
1372137609481363466
1372137502623084547
1372137484033916938
1372137456229871618
1372137443785388034
1372137335358361602
1372137220367339520
1372137162108366848
1372137157159219202
1372137130529591297
1372136937759313921
1372136779017547780
1372136488612270081
1372136277835923458
1372136031294779396
1372135751253692422
1372135261153460224
1372135215846543364
1372134697271238658
1372134084240084993
1372133967269351426
1372133658174312448
1372133505275158531
1372133150214750213
1372132893481443330
1372132733619671040
1372132333134942216
1372131997326450700
1372131949184180224
1371533563649265667
1369948815244079107
1369208522672644102
1365344069891878913
1363443553020633089
1361953174190456840
1360325463856607234
1359508854980108288
1358907271842041856
1355495315051323396
1355243735706177538
1353700476479557634
1352658342485909507
1352309560002961409
1352269371834572800
1352199560756666369
1352160128552890368
1352039952016691205
1351608327223050243
1351555869490737155
1351552952855638017
1351539883018514432
1351479471946272768
1351475920540819457
1351474388747628546
1351469610323894272
1351467039496564736
1351466747065458689
1351466599648292866
1351466567142404096
1350515150785228801
1350212971935510535
1349572853587439616
1348601866532347905
1348006831524876289
1348006430255833094
1347493747341320192
1347492657401094144
1347302772903972869
1347302732894498817
1347302635804782593
1346195004763623425
1346194663099813888
1346153908125782018
1346141311607468034
1346094981497323520
1346026258447085569
1346025678169395200
1345971903454982144
1345944140794589184
1345940447643004928
1345936519857664006
1345934710921441280
1345911080334323712
1345906761384009729
1345899828912529408
1345876602920513538
1345876343154737153
1345874177308454914
1345874032298582018
1345872987820593154
1345862797096329219
1345861835120107532
1345858369488363520
1345851244930363393
1345851241323237383
1345847757953781760
1345846051832557569
1345832791251030016
1345832776000442368
1345831791517704199
1345828931941892096
1345828565804314625
1345827531061153794
1345825652151365635
1345820974483181569
1345820834150158339
1345819963139960835
1345813779234381825
1345812235856318470
1345811277764042762
1345811253919408128
1345803203615600642
1345794772003393536
1345794396906782730
1345790619093004292
1345789856002224129
1345788158408060929
1345786684663877635
1345786271059353601
1345782050125705217
1345777863761555458
1345774638140432385
1345772229754294272
1345771316633358336
1345770225032192001
1345768208238845952
1345766921753473031
1345765823034621952
1345765570650767361
1345759605121572889
1345757798307655680
1345757499325108224
1345756454784000001
1345754822591578112
1345746486089437186
1345745522083176449
1345745057555611649
1345744419534876673
1345743440240373760
1345743107816628226
1345739846271250433
1345737322692825091
1345735477681336322
1345734596588134403
1345733979048181760
1345731042896994304
1345730108271841281
1345726112350035971
1345723633327607812
1345723130656993281
1345721856825942018
1345721503661387776
1345718477240332290
1345717199944749057
1345716109987741696
1345715240265261056
1345714825649922049
1345710227635712001
1345709498942562305
1345707314783858688
1345706581250486273
1345698600874086402
1345697614461890560
1345693790770778112
1345690504894140423
1345690378373095425
1345690258571145217
1345690041985757191
1345687804752273408
1345685549856780288
1345683535785504769
1345682715430027266
1345680779326726145
1345677041778221056
1345676800010067969
1345676408085889026
1345675891268083712
1345675441730940928
1345672335987253248
1345672054595575809
1345671226941992960
1345669984232550400
1345668422697447424
1345666698809106432
1345666063808286721
1345664927869132806
1345664920801730562
1345664894344036352
1345664005369704449
1345663494541217794
1345663309413031936
1345662476734574592
1345662472875868161
1345662200141103105
1345661908494508039
1345661381794783232
1345660781057224704
1345660204038451200
1345659633130745857
1345659369883635712
1345658927330029568
1345658759885021184
1345658615227703297
1345657597492400128
1345655814879637504
1345655768414973952
1345655375626952705
1345655139105992704
1345654850906968066
1345654514389553152
1345654443115741186
1345654254804070402
1345654180778807297
1345654104899674113
1345653598982701056
1345653487753957377
1345653402328555520
1345653253179109377
1345653057670021122
1345650823997644800
1345647498292047872
1345647206909538305
1345646597699461120
1345645773619425280
1345642664084070400
1345639612543365120
1345638533348909057
1345637559372808192
1345636831031865344
1345636432795332608
1345635970708873217
1345635127720861696
1345635031734214658
1345634894345621504
1345634564409065473
1345634415586783232
1345634061050650625
1345633768418246656
1345633706195755008
1345093582890414085
1345093002893664256
1344641991238365184
1344391688069017600
1344356098082541569
1343287107180228610
1341951258891059200
1340642201483829248
1340328907313176579
1340258351347884033
1340244300093935616
1340242469301186562
1339853557672128513
1339633903456428034
1337340601134505984
1337300240555192320
1337049077972873218
1337048515617370112
1337039857529593856
1336985564822769665
1336985038886481920
1336976507164635143
1336973754476400642
1336971921322291200
1336963334864826369
1336954960479723522
1336951357090254848
1336833016329613324
1336812013268459522
1336804180707708933
1336777420762910720
1336773444453724161
1336766185292050432
1336755369662550017
1336751281524908032
1336750604648148992
1336748632486404096
1336748008499765252
1336747482852843521
1336747000948199424
1336746289791459330
1335872818509176833
1335295549562642435
1334781733649125376
1334309923560316929
1334125318391689217
1334099673808777216
1334098609814597632
1334097669380304901
1332820594182787078
1332628044067065858
1330830571333890048
1330597037713321986
1329852460639334400
1329466701373726725
1329389742752997380
1327020032677863425
1324985758822899712
1324856183283453952
1324299790511984640
1324014382066651137
1324013426067361797
1321854687860195333
1320263573759811584
1320258972004372480
1319620832398815232
1318659050729517062
1318258591036592129
1318071531327586309
1317927904861446145
1317545244896890887
1317162752276824069
1316634482783510529
1316489966206189569
1316489655295127554
1316404746643701765
1316357411385507840
1316355762176888832
1316304727022411776
1316196305241280512
1316087216368541696
1316049767558938625
1313394329524875264
1313246246988120064
1312341662652338176
1312325941654441984
1311992661952335874
1311935065685929984
1311790246061846528
1311761195041468419
1311760861623717888
1311735889836609542
1311714056382840832
1311710847320944641
1311707339402215425
1311702024505917441
1311699685996990469
1311698956691402753
1311697729987457025
1311695235450310658
1308715216587325441
1308306631193698304
1308305086087487489
1306608755396796416
1306140311173955591
1306139775703937025
1305827111165399041
1305823876656574464
1305820108607172609
1305756189612007424
1305741291104464896
1305604601014628358
1305593516471586824
1305573891583205376
1305570359199006722
1305559757344911360
1305553479176531968
1305548529977511936
1305548511908450307
1305548410049753091
1305548342303350784
1305542605137211392
1305449276139597824
1305448618166542336
1305445586980798464
1302327093636800512
1301446938269822977
1301293585107648514
1301233704518537219
1301233312745299968
1301232651790094338
1301188011942719488
1301178861619744769
1301163013756661762
1301161976870076416
1301161158112669702
1301160138343145474
1301153019980140550
1301130914496479234
1301130428640829440
1301127873617682432
1301127438278291459
1301113091812405249
1301046814007873536
1300922035800080385
1300915099146883078
1300833546085502976
1300829942855467008
1300810030590103559
1300776000909987840
1300760344814645250
1300756568963776515
1300749855669866496
1300746212602150912
1300736074373791748
1300735925509656576
1300735728931008512
1300734462213451777
1300733277691621376
1300732109267570688
1300714987380506625
1300714619015753729
1300714589248720896
1300709846417920002
1300707000926580736
1300701612877508609
1300701593478803458
1300701255157927936
1300699496310083585
1300697440253870080
1300694752703188992
1299838273360199680
1297433357882724363
1297200910775586819
1297199011473096705
1297157910900989953
1297101748532895744
1297090068327399424
1297088263589711873
1297087532035969025
1297085025154936832
1297071833586511872
1297058069441130499
1297052868764217352
1297046651752853506
1296975888337317894
1296932760775516160
1296927380553031680
1296916956801634304
1296914636621713409
1296909065038241792
1296906983019356160
1296906277046681600
1296905895998357504
1296904111217152013
1296899679620345864
1296855981385830403
1296848048346333184
1296847835355209728
1296846366304608256
1296846013580410881
1296845576571674625
1296845418786099202
1296844715720167425
1296838642204315652
1296835659081154561
1296830023756926976
1296827755552804865
1296825556093329409
1296825147983306752
1296824776196005889
1296823505766449153
1296823446438019072
1296822791363321858
1296822478115868682
1296821835238178819
1296820680298844160
1296818242107957248
1296817856814997506
1296816770603520005
1296816543368728577
1296815807817711621
1296815457543102464
1296814977626583041
1296814762911846402
1296814424620249093
1296813747722477570
1296813526334545925
1296813461050204160
1296813395069538304
1296813149992214528
1296812737830453258
1296812528941621248
1296812483643138049
1296811313616781312
1295885812488445953
1292869766579970050
1290309197834272768
1288181256094724096
1288033415187632128
1287980106204487680
1287862818323210242
1287861123639922688
1287854239008673794
1287845169056878592
1287844401981657088
1287811151452082178
1287752303550881793
1287745813326827523
1287736034437009408
1287732831150645249
1287726314825437185
1287725473548599302
1287719088232505344
1287715864750559233
1287705248992288768
1287694036468412416
1287690510040281090
1287689145008173057
1287685590117502976
1287684945570340864
1287683318671200261
1287682014108438529
1287680408327524352
1287680238894354433
1287679668250972160
1287679096030408705
1287302052406796288
1286247974339784705
1280072849676525569
1280071155509010432
1279931274476449798
1279876445616115712
1279866748733448192
1279835148524171264
1279810905073766400
1279792152856260611
1279789813940596736
1279744068642377728
1279738752743735297
1279698995057696769
1278602257781723139
1278334823787114496
1278073531474104320
1277939811765104641
1277939793494773761
1275175790875901954
1275167194398240769
1272537273813422081
1272329155875569665
1272218070799601667
1272202822436651016
1272045254179520512
1271744397508595712
1271597992932450305
1271579984075853829
1271575336686362625
1271534541925203970
1271520988627378177
1271511539237994499
1271508315760181250
1271482694963286020
1271482267936919552
1271480623769751558
1271479103640817664
1271479028722151424
1271475781672321024
1271475454227230720
1271475152883154946
1271474054898356227
1271473976032796672
1270609587121664000
1270252907083030530
1269316191698419713
1268637178114068480
1268481506420371456
1267437658550263808
1267009573342392325
1266845764212359168
1266843431659323397
1266733099242717184
1266645587098767360
1266378864827101184
1266365749498507265
1266354104273698817
1266335970946945026
1266333902731436033
1266316340106801153
1266306248632393728
1266300208293359616
1266293301025492999
1266291434870599681
1266290072078258177
1266269597646254081
1266254853216497664
1266239562155610112
1266222000139317249
1266178506276339719
1266173289665347584
1266151527212896259
1266151023355232257
1266139688340987905
1266118821762469889
1266117533855371264
1266102046337441797
1266099597044256772
1266099249193910273
1266098589404729344
1266097084144537602
1266093593577623552
1266092487862607873
1266092346095140864
1266090631509704707
1266087848664596483
1266087334925283329
1266087087478095872
1266086564796358656
1266084591460376577
1266083876834770951
1266083249442390016
1266083154978373632
1266082786206777344
1266081879343673346
1266080665759559681
1266080174535249920
1266079747001528320
1266079668672835585
1266079178987839489
1266078854705221633
1266078758022217728
1265384518992740353
1264592348983578631
1264551579593707520
1264162688868982784
1264098286518108160
1264087726174937088
1263888257873395715
1263881671029465089
1263875625435226112
1263868374024687617
1263857461208985603
1263832965630615553
1263811249470570497
1263772161120129029
1263748686259073025
1263748651748376580
1263740554862616579
1263739162261360640
1263735345729941504
1263731100842672128
1263729576477425666
1263723681894805504
1263721504887488513
1263697646025412608
1263691619049627648
1263656817248415744
1263654567562162177
1263623191802662912
1263618018355097600
1263605213266673664
1263598281315151872
1263596533594775556
1263591461758496771
1263586785738682368
1263585759455371268
1263581410201235460
1263569612228169728
1263569384041218053
1263566245170987016
1263562947990900737
1263562793212694529
1263562232715247617
1263562180118679552
1263559135079038977
1263559122793967622
1263557279477096449
1263555569119567873
1263553931671674881
1263550201295405057
1263549490633617410
1263548543626809353
1263547804091404289
1263545472003780609
1263545128653914121
1263544481216954373
1263544308952596482
1263543982623272963
1263543427192565761
1263542344009293824
1263542200488640512
1263541697683902470
1263541643170414593
1263540651720835072
1263540570493980679
1263540166448291840
1263539791762685953
1263539550573355008
1263539121793966086
1263202944125554688
1260495629945638928
1259598209409847299
1259564370142679040
1258043837123092480
1257333656710008832
1257303253814919168
1256982383066316802
1256883834911629312
1256715966790152194
1256479708851523585
1256420819733020672
1256179546686193666
1256132738895228929
1256132611866583040
1256117983589564417
1255957464127766547
1255943300365852672
1255853197803085826
1255835808076107777
1255821744411226113
1255808546140229636
1255802064409591810
1255801875745648640
1255800886980460544
1255800021150302208
1255799208394833920
1255792550151143424
1255791417143812097
1255790633215762434
1255790428600897536
1255784561541353472
1255778056356192256
1255775067516043265
1255774102461263873
1255774026707984386
1255771210186665985
1255759629939851264
1255759242759491585
1255744383997169670
1255739509918089223
1255734460420677632
1255713985497792513
1255633500012785666
1255612118633758721
1255607285247860742
1255606063270952964
1255602936933240835
1255601954555822081
1255592071563526146
1255589283848761345
1255582104114642944
1255578780661420034
1255560151467253761
1255528902958645249
1255517501716340736
1255508987014975491
1255500655785136133
1255493730892734465
1255493086291124225
1255481744888922114
1255481319074811908
1255477414861438980
1255475665652064259
1255473955068092422
1255472309751742476
1255470801077362688
1255470216684941315
1255469400062414848
1255468024729145350
1255465351124484096
1255464884051066882
1255461217092751361
1255457841244143618
1255455802854383618
1255454765384970243
1255454451978166272
1255454339671494656
1255453413393010688
1255453103647842306
1255451809193361409
1255451476861890563
1255449599281713153
1255448560293855234
1255447521255657473
1255446077379141638
1255443862551769089
1255441750493138945
1255439919218069506
1255439022203248641
1255435854585237504
1255435612712247307
1255429562449747971
1255428164748283910
1255428108456517635
1255427461166350353
1255427176905748481
1255427028637097985
1255426611836522496
1255424635535077380
1255424567276961792
1255424110508879872
1255422333151518720
1255421566961225728
1255421539530481665
1255419891529760769
1255419722650341378
1255419283208900608
1255419270005170177
1255419179672440832
1255417746982080512
1255416818384150528
1255416624968077312
1255416619775426563
1255415966512619522
1255414946206306305
1255414908705026048
1255414539274915841
1255414215248171013
1255413977858945024
1255413579441934336
1255413410608697346
1255412230524370948
1255411561742635012
1255411408134721537
1255411223568547840
1255411222738014208
1255408913266225155
1255408593798602754
1255408228160221189
1255407638520770560
1255407627284164609
1255407508555993096
1255407098713853954
1255406918580998150
1255406382016278528
1255406029711564802
1255405890624278529
1255405806419415041
1255405269619814401
1255404878756806657
1255404173530669057
1255403231926157312
1255402836743147520
1255402692920455169
1255402225939222539
1255402065683197953
1255401949266149383
1255400435567013893
1255400005038415873
1255399909953613824
1255399743628496896
1255399597738000384
1255399257529614347
1255399053292167168
1255398835544821760
1255398661724475393
1255398489883848705
1255398472536162305
1255398461303898113
1255398386506792961
1255397985392955401
1255397152639115264
1255396920161419266
1255396843527319560
1255396755304316929
1255396724950077441
1255396622470647808
1255396483379191812
1255396318513692672
1255396134056574978
1255395947607142400
1255395789662294017
1255395708183678978
1255395690756407306
1255395286337323008
1254734938659852296
1254349580440870912
1254170939996147712
1254170774245724162
1254027504798629890
1254020609547350016
1254020194026078208
1254017194083704835
1253977541477650432
1253972774286229510
1253970683543126016
1253959551222775809
1253802863354093573
1253754786995896320
1253729528612098049
1253727218917953536
1253725877856337920
1253700456259469317
1253657787940429826
1253656734054350848
1253639815347789824
1253623827298488320
1253615615098728448
1253585363773390849
1253465910377156610
1253442873426665472
1253441222447960066
1253437536728420357
1253430573168594944
1253426874635542528
1253419378755792897
1253413548274794497
1253403687696896001
1253386697565446146
1253385492172877825
1253380225272070144
1253377187153170432
1253374590308548609
1253368307257880578
1253359789419134976
1253357383029530628
1253356687395893249
1253351548425580547
1253345923670949888
1253329869875712000
1253329220165488641
1253329062136700934
1253325920095440897
1253324894785294336
1253324521131569157
1253318232611516416
1253314369426821121
1253312703680131072
1253312139890167809
1253310435387863042
1253308611494895617
1253305804108824579
1253305642237997062
1253305569794023425
1253305429452632065
1253300701385707521
1253298292475277312
1253293603469897728
1253291220174061570
1253283838551302150
1253274852561207298
1253273582819573761
1253269750890803200
1253267114531655681
1253262676786118656
1253259859988025344
1253256907663519750
1253256619762294785
1253256251053654017
1253256015379906560
1253255820898426881
1253255315644125184
1253254663555764224
1253254570773446657
1253254110876401665
1253253360813211648
1253253178952425474
1253252900018696194
1253252344118235136
1253251664137654275
1253250739327164416
1253249533326262272
1253248531583979521
1253247920628957185
1253246219842916354
1253244032119177216
1253243533500264450
1253242773005885449
1253242592550105088
1253241751437000704
1253241271315050496
1253241100464271360
1253240036922925057
1253239603613642752
1253239202336079873
1253237960507625472
1253237862096568320
1253237186952073216
1253237104584339458
1253236447508934656
1253235875451940864
1253235065250811905
1253234672546582534
1253232798170669057
1253232767426605060
1253232056496263169
1253231752127975425
1253231558691037184
1253231506073554944
1253231194440941568
1253231161259802624
1253230815959552001
1253230688708542464
1253230402535329797
1253230146359869440
1253229934832685056
1253229815110479873
1253229172421509120
1253229114271707137
1253228788416155648
1253228718941667328
1253228618660098050
1253227777584779264
1253227096651915269
1253226773308989440
1253226632057405440
1253226540336402433
1253225721218117637
1253225222670635011
1253224422292537347
1253224418983186434
1253224369058385920
1253224026102784000
1253224013033283586
1253223752512536577
1253223545624281088
1253223414686507008
1253223405748465665
1253223222813876224
1253223127313776640
1253223051501752320
1253221434320662529
1253221388833488898
1253221303349362688
1253221288409214977
1253221221564592130
1253220509669523457
1253220339175350272
1253219977425027072
1253219624323354626
1253219598775848960
1253219543725506560
1253219483470237696
1253219405019914240
1253219106842710018
1253218697864531969
1253218533833670656
1253218509171146753
1253218368741609474
1253218279923027969
1253218025949540355
1253217917925298178
1253217854666739713
1253217691021836288
1253217684839424000
1253217679214809088
1253217313161183232
1253104482767994887
1253097194577633280
1253067790854086656
1253067018632339457
1253066971077398529
1252989451539820546
1252913648160423936
1252609373727330304
1252271946986897410
1250860411659960320
1250558016765771778
1250158617510195211
1250105653827375105
1250029115996078080
1249721798591229953
1249717931174494209
1249696327778385921
1249688224336949249
1249651911453745152
1249651703529574402
1249589247776043008
1249525310707642368
1249525132558811136
1249305557858729984
1249120071420710912
1249049217617874944
1249020659801432064
1248993428840513536
1248981479897681926
1248930037673451521
1248876433323294720
1248720693623128067
1248637774925828096
1248615079001477130
1248581736151334912
1248571716688908296
1248562390037336069
1248508223000174592
1248338408457605126
1248335281561964546
1248328601675710465
1248318394883084288
1248317828371042304
1248299177391656966
1248226942517682176
1248197328319766528
1248173473832275968
1248095515532832768
1248095083162931202
1248028588902764544
1248000444586213378
1247986171713642497
1247975777272057858
1247964528773644288
1247954901285601282
1247921944214765569
1247920378204356610
1247898227195559944
1247884663802064906
1247876785565360130
1247812690065620993
1247702457175740417
1247649244439330816
1247649095767949312
1247644852092837889
1247639118093389827
1247637195906854919
1247631551044759553
1247630532839686150
1247628835740430338
1247628245232758792
1247627297663979520
1247626153839525888
1247625729346621440
1247620625956573187
1247614439970484227
1247612952947064833
1247610202079268866
1247608098883239941
1247602940988325891
1247599952538341380
1247595508337704963
1247576573882126337
1247570436877058049
1247569214715674625
1247559966791208963
1247558600395980806
1247557663308894217
1247557275843207169
1247556386172604416
1247552604797906950
1247552579514572812
1247551417621110784
1247550322190495745
1247548124559802368
1247547351788650497
1247546874925645832
1247546566384275458
1247545702227599363
1247544573825552384
1247537109046460423
1247536456496582660
1247531596648828930
1247526189297577988
1247521166098497544
1247515427925680129
1247515167685926912
1247514271426269184
1247512992746438656
1247512779579371527
1247511156194975744
1247510076878983169
1247508532435587075
1247508473987948544
1247506798728359940
1247503414143016960
1247502334873210881
1247501811948441601
1247498810407948289
1247498254536802304
1247497454280495104
1247496847461158915
1247493125326725122
1247492083058958336
1247490445816532999
1247486964569452544
1247486585211322369
1247484904968986624
1247484519009189888
1247481051494170626
1247480859223040006
1247480481693732865
1247480417894248448
1247480274604220418
1247472097741410304
1247469561009577985
1247469444793798658
1247469387629633537
1247467869304217601
1247465940457074689
1247463371068317697
1247461320917745669
1247460383092244486
1247460279031562240
1247458367662108672
1247458343800709120
1247457139049803779
1247455187649925121
1247454469840920577
1247453808868851712
1247453494430310400
1247452665228951553
1247452430918397958
1247452246360698880
1247451213026799616
1247449232136601600
1247448627947212800
1247447766646902785
1247447271177936896
1247447112104783872
1247447055850770432
1247446906969690113
1247446683178459136
1247446475816292353
1247445758586114049
1247445679221415937
1247445627073638400
1247445500573503488
1247445005381271552
1247444876951773184
1247444642020364289
1247444414366089218
1247444252470194178
1247444039366049792
1247443731906736128
1247443441556041730
1247443033387384834
1247442839505690624
1247442563721826307
1247442528707776519
1247442508084371457
1247442338710007808
1247442210691391489
1247442177602486272
1247442048145334273
1247441894558269440
1247441833732562944
1247441684679610373
1247441077315031041
1247440648065765377
1247440211732299776
1247440009055133697
1247439974175293440
1247439497635287041
1247438963473874945
1247438935581753345
1247438790186205184
1247438603560648704
1247437984372318209
1247437872250138624
1247437716129828870
1247436878892187648
1247436706745331712
1247436566919892993
1247436135527219200
1247436127272931329
1247436018908901377
1247435965666332678
1247435623985754112
1247435439339900928
1247435358616379392
1247435041619279872
1247434954302242816
1247434372833214465
1247434365363277826
1247434197595303936
1247433460563808256
1247433277167845376
1247432621514280960
1247432070135250944
1247431716446392320
1247431628865122306
1247431318658592768
1247431022272303106
1247430890642423809
1247430515839336449
1247430471182626817
1247430231562035200
1247428941717045248
1247428757121568768
1247428525801517058
1247428022887682048
1247427653763809282
1247427555512201216
1247427329229492224
1247427323030364161
1247427282710511616
1247427281519329280
1247426938639134721
1247426734405947392
1247426577190793216
1247426052076552194
1247425444783239168
1247425237311987714
1247424514679603200
1247424422463647747
1247424342499229698
1247424042740613120
1247423936138264577
1247423861374795776
1247423818366410752
1247423753602191360
1247423646517399553
1247423582159994880
1247422323679952898
1247421576758337536
1247421526896500738
1247421182468595713
1247420884090060800
1247420733480996864
1247420641915080704
1247420132072263680
1247419666491940866
1247418904210812930
1247418898963673089
1247418589113651201
1247418518498357248
1247418306631434241
1247418236972515329
1247418207725649920
1247418088804548609
1247417667436371968
1247417599111151616
1247416698707329024
1247416691283431424
1247416646584676353
1247416645611655168
1247416489726050304
1247415816435400711
1247415769564151810
1247415751662874624
1247415386808750080
1247414908288974848
1247414466834313216
1247414268892516352
1247414223896023040
1247414201817141250
1247414105901797377
1247413852943323136
1247413559119818754
1247413126607355904
1247413109263937536
1247413033284112387
1247412650604199941
1247412553057284096
1247412496731975680
1247412299125702656
1247412000436649986
1247411536219570176
1247411519719182336
1247411451083608065
1247411418103721985
1247411389284724738
1247411357919608834
1247411221525155840
1247411001324158978
1247410978498715648
1247410799695532032
1247410706611408896
1247410614470918145
1247410606929575936
1247410538944114689
1247410348715540480
1247410272454705153
1247201827290001408
1247198657348358144
1246376106942443521
1246367328222294017
1246364087778410496
1246336443271741440
1245827956695416837
1245612177660071939
1245432167758548993
1245109143167545351
1245082644527923201
1244317368530149378
1244266365806170112
1244248089864687622
1244207404541247488
1244041102694506496
1244013568028278786
1243717781587140608
1243546591438475265
1243487208792825857
1243460665572044801
1243436299694084096
1243341797650313216
1243340456177684481
1243288603888889857
1243271950245429249
1243271644199694336
1243258845457154050
1243215105887789056
1243155501698945027
1243002988488208385
1242948959666163714
1242941859128913920
1242878751786053634
1242849127337205761
1242846819434016768
1242839681701679111
1242835221038403584
1242830186682429442
1242828525666807809
1242815691910197248
1242815453954813952
1242810990280015872
1242809606390366208
1242808926506299392
1242805446861361154
1242805207655948289
1242804514094231554
1242800008862339075
1242797343801475073
1242787509429510147
1242779047177990144
1242778554397593602
1242778315452305413
1242764984574185472
1242764818857287681
1242763068066729984
1242762527890685952
1242753278691196928
1242748883287105537
1242747848879415296
1242747604766687232
1242745762007650305
1242742374356451328
1242741778182295553
1242740593966452736
1242739425366474752
1242732382928723969
1242730931481382912
1242726046870487040
1242723577289412614
1242720625246027776
1242720175868325889
1242720168532414464
1242716523619332096
1242714069666316289
1242711998690967554
1242708783685668865
1242708136210956289
1242704114649313286
1242704061662666754
1242703679041318913
1242702977087025159
1242701787720810496
1242694817194356736
1242694160236363776
1242694117223735297
1242692876104077312
1242691075132686337
1242690480804179968
1242680987663896585
1242678914394345473
1242669971383242752
1242668120956907520
1242666419847942146
1242662148544831489
1242658786369814530
1242653121798684679
1242642481172316168
1242641468638072834
1242632294940229632
1242626680251985926
1242624285174366208
1242622255517044739
1242616618926120961
1242612378807816198
1242611933645340673
1242607715853139968
1242601442168406018
1242597375329402891
1242594744179572736
1242592187512164355
1242591767926620164
1242591734091190274
1242589719776591872
1242587297545150464
1242585932420784133
1242584912437432322
1242583774900228096
1242583180290469888
1242580774458662913
1242579261497761792
1242578505675800577
1242578102133415936
1242578066490249226
1242576908786831361
1242576260737437696
1242571603956895746
1242568352901537792
1242567932514840576
1242567687622012939
1242567354887831554
1242566982156922882
1242566076170469379
1242565653007077379
1242564785851547649
1242561924954537985
1242561773888307201
1242561415979970562
1242561362888404997
1242561234924380161
1242560986525155330
1242560585423818753
1242560112520302598
1242559566052761600
1242559011293200392
1242558056023506945
1242557569379504128
1242554886258122753
1242554791722655749
1242554422191890442
1242551566223183873
1242551510325587968
1242551226514001920
1242551125301252103
1242550054336020482
1242549940422946818
1242549812643454977
1242549610075369472
1242549362338729986
1242548543656808452
1242548093826076679
1242547445885816833
1242546593619984387
1242545813143904257
1242543610932969472
1242543577672159238
1242543462475595777
1242541223400873984
1242540644582723584
1242540195335061510
1242540150409826309
1242539900211277825
1242539079931179008
1242538181725237249
1242536658337226755
1242536181734281217
1242535756297646080
1242534668626538497
1242534666642612227
1242534590138454016
1242534238983000064
1242534036029034498
1242533878453198849
1242533813714108420
1242533579218968584
1242533466547331074
1242533061910298625
1242532872285753344
1242532542357659649
1242532113536233473
1242531969944223744
1242531725093285900
1242531413565546496
1242531400936566785
1242531373698744321
1242531172489584642
1242531145151021058
1242530812165226496
1242530671370874880
1242530667541540866
1242530327467192321
1242530272719110146
1242530170034143234
1242529557254676480
1242529357979160578
1242528720826613765
1242528665596035076
1242527998265483264
1242527800927666176
1242527787786911749
1242527425453535232
1242527279118536707
1242527135551586305
1242526766733893633
1242526745795997696
1242525987943993347
1242525971250544640
1242525930012147714
1242525164832727041
1242524949635629067
1242524862696034304
1242524848188018690
1242524580020920324
1242524516162699265
1242524509405577216
1242524394431426560
1242524046597730304
1242523886857719810
1242523748068134915
1242523581902356480
1242523525874954240
1242523410506407941
1242523367644762113
1242523327069126656
1242523194164158467
1242523159439577088
1242523149113098240
1242523133518794754
1242522853918093312
1242522676192776195
1242522672992526339
1242522418553540609
1242522223933558784
1242522126550274048
1242522003137073153
1242522000108724225
1242521929472520192
1242521533937078272
1242521485333454848
1242521425233227777
1242521270195027968
1242521259633770498
1242521213521534977
1242520989256290304
1242520952338100226
1242520924777336836
1242520758523506688
1242520708380581888
1242520632232943616
1242520595620868101
1242520590780596225
1242520466692153346
1242520443287932928
1242520316737466368
1242520284990767109
1242520258893746178
1242520126181838848
1242520081009127424
1242520073635606539
1242519922451898373
1242519845503188999
1242519822036066304
1242519812657512449
1242519722551320577
1242519714556977154
1242519685263953922
1242519651990593539
1242519640506540033
1242519582755246081
1242519579554910210
1242519443282046978
1242519425640796169
1242519414018367488
1242519411019452418
1242519407022219265
1242519353049976833
1242519351149957120
1242519320418287616
1242519299258023938
1242519296649166849
1242519290252791810
1242519287975337985
1242519276742991875
1242519270854135809
1242519267775561728
1242519257310801922
1242519243893157888
1242519239606571015
1242519236544733185
1242519234925801474
1242519214877028352
1242519207947964417
1242519130424643586
1242518894226673666
1242518035237425158
1242517487515770880
1242517339284873216
1242517130056273925
1242517057318653952
1242516963601022977
1242516870193795072
1242516827412070402
1242516684621131778
1242516622344163330
1242515138084823050
1242515125078196224
1242514896811589635
1242514817447067650
1242514762291970048
1242514757636284416
1242514687671091200
1242514684705718272
1242514345101266945
1242513951788806147
1242513824663642113
1242513695256838154
1242513662826422273
1242513524040945664
1242513197237538816
1242512766444941312
1242512529802309642
1242512505177542656
1242512492678598656
1242512390454939649
1242511899457138693
1242511883678162944
1242511770838851588
1242511450616352768
1242511219740889088
1242511071564517378
1242511064161452033
1242511033576697857
1242510860955901956
1242510708719443968
1242510448072761344
1242510424400158720
1242510394616406020
1242510393794277378
1242510388589219840
1242510377801433088
1242510357865865221
1242510330464477184
1242510296582959104
1242510212642344960
1242510130022932487
1242510104592818177
1242509858563334145
1242509592078299139
1242509545567588353
1242509510939467779
1242509509454692352
1242509422489935874
1242509345641902080
1242509311185739778
1242509227987435525
1242509194894487552
1242509189819269122
1242504264997654530
1242439766324523012
1242409741252509696
1242408031020879873
1242393594796945408
1242383298300710912
1242373745395859457
1242370028479172608
1242254860537466883
1242207441988866048
1242191185424404480
1242181866754650112
1242171125091766273
1242167589549355009
1242166493288284167
1242166464741806082
1242160555428806663
1242157982072406017
1242156511935311872
1242155806595993602
1242154159912206337
1242152827855798274
1242152056670097410
1242151678138372096
1242151087349604352
1242150511350108162
1242150099536482305
1242149589572104192
1242149439655067653
1242149396566982656
1242149354141614084
1242149315528790017
1242148955493982208
1242148427057836032
1242147076139515904
1242146741681623042
1242086023984820224
1242081745715048452
1242073182175137794
1242049243835138048
1242046637461168129
1242045426917933057
1242043578404265984
1242042481673461762
1242037140021706752
1242034393759322119
1242032990747791361
1242029398141939712
1242015389132951552
1242013341444423680
1242010681806852100
1242006825303769088
1242005796277420032
1242004026243284993
1242002535059197952
1242002318020706304
1242002261619982336
1242001697146314756
1242000219002339329
1241998811725250563
1241998016489361409
1241210270099406849
1241092446831984644
1241011218724401153
1240907936056184832
1240800832335077377
1240356612197494786
1240323743144124418
1240321245134151687
1240258639430115328
1239625143757852672
1239223309138571264
1238943255821201410
1238941224909881349
1238243227943292934
1237708454363627520
1237708388726976513
1237706946733621254
1237706575550259200
1237361603991023616
1237361594981650432
1237327947142500353
1237327447680593921
1237327345180119040
1237324834088067073
1237324153528688641
1237128887508832256
1235842027901730825
1235667371097903104
1235542740361977856
1235504902950043648
1233024007366205440
1232633935177420801
1232630596020703234
1231675514852642816
1231597669723889666
1231534811040407553
1231483173579771906
1231358499621306370
1231218032535621632
1231205681891618816
1231202591092170753
1231201089686528000
1230477549823758337
1229886185151090689
1229870460126613506
1229865643052347393
1229725285785972736
1228260039753859072
1228060624523059200
1227960078994726913
1227682091724353539
1227603119221215234
1227564022096179200
1227558134241284096
1227344437648510977
1227335296578203648
1227333862965022723
1227224857903017986
1223232301179469824
1222444288744861696
1221957657336209410
1221780487972192256
1221739410972184577
1221688370759380992
1221686982943879168
1221618579864530945
1221577481523810307
1221547815761076229
1221511526319828995
1221503307899973632
1221502058550960128
1221498928316723201
1221484511281795072
1221481387976548352
1221471734664257539
1221460400560070656
1221459209084178433
1221458754270629889
1221458665795997698
1221457530058104832
1221457401662124032
1221455999556628480
1221455548442456068
1221170115045220362
1219940609500307457
1219929176842625025
1217766902405238784
1217115158595678209
1216865191582949378
1214844706062028801
1213943556500574208
1213390570460188672
1212690347840671745
1212685103337496581
1212656851554373632
1212646326967717889
1212490430618755075
1212452764535676928
1212331879199846402
1212300258606297094
1212297488629145600
1212166773870669824
1212156660472528902
1212146948272271360
1212143966491160576
1212139481425424386
1212133515803971586
1212122191061495808
1212109934722244608
1212103964608647170
1212085845693542400
1212083553770622976
1212077139232772096
1212060274032828424
1212040272386953216
1212038666186567680
1212011414195441666
1212010739512283137
1212009140903718913
1212002947439235072
1212002866111680512
1212002436128346113
1211994877694750720
1211990623823286272
1211990428649738242
1211990119231737857
1211984500923785216
1211981160940748802
1211973454238560256
1211970231280840704
1211969814555693063
1211967249432625152
1211965788397211650
1211964764026556416
1211964492231430145
1211960967388639232
1211957942032969728
1211957652118548480
1211954195672289280
1211951925253607426
1211947654000848896
1211944729455288320
1211944050917617664
1211942377805484033
1211942339029196800
1211941053940539394
1211932540275167233
1211931781458530304
1211931463987408898
1211931020192288768
1211930723604668416
1211930325619793920
1211928756937482240
1211928037941530624
1211927621019357184
1211925338915319808
1211923520340537344
1211923057843081217
1211922487086325760
1211920400608825344
1211919284630372352
1211909101447471105
1211897843541270529
1211897073307705344
1211891385533636608
1211886094578528256
1211885754881859585
1211869031176843266
1211859842345979904
1211857457896669184
1211845647768457216
1211813783900971015
1211813672009502721
1211799449544122376
1211790625428967424
1211785239254753280
1211781216627757056
1211779037254881282
1211776123673206785
1211772830758686728
1211771854215696389
1211771327570423808
1211766820363001856
1211764590276698114
1211764525915148289
1211762760234745862
1211761414190325761
1211759863279374337
1211757919361998848
1211757726646358016
1211752802814443520
1211752242564534277
1211749501305835522
1211749264172474368
1211749072803115008
1211748825246900224
1211747929909841921
1211745157026062336
1211743511365767168
1211741021022887936
1211738313650032641
1211737775143301120
1211734614777180163
1211734542874222592
1211732872555565057
1211732640748974081
1211731426841964544
1211728784614969345
1211728392636293125
1211725216356978690
1211724758888398849
1211723989665619970
1211723846983782400
1211723769082974208
1211719175770660864
1211719035030818816
1211718881443794951
1211717848902582273
1211717002076807168
1211715481444454403
1211712783349403649
1211711651281551361
1211709552963534848
1211708871372427264
1211707771537829889
1211706757065641986
1211705305949757440
1211705000826724352
1211704508692258816
1211704011759456258
1211700681498923011
1211700032912707584
1211700005863604229
1211699830864646144
1211699329578291205
1211696863063220224
1211695871663988736
1211694788308852737
1211691710838951937
1211691373671469057
1211691034591342594
1211690208107909120
1211688055750451201
1211686113510854656
1211685560638693376
1211685537091923971
1211684599757185027
1211684510028509185
1211684461244551168
1211683794773794816
1211683729879384064
1211683069033406465
1211681971778342912
1211680796177764352
1211680714778959873
1211680650572505088
1211679991538290691
1211679486808350720
1210250955209531393
1210175208805535745
1210148441562796032
1210148205423411201
1209577720482533376
1208357799962562560
1208216149810434048
1207985326129631232
1207981821667004418
1207952999693336576
1207950040372850689
1207941514715914240
1207931159889530882
1207905581459222528
1207817825051537409
1207802405318012935
1207788268290531330
1207782047936331777
1207781660118388740
1207781503117213701
1207781435672846336
1207781253086404608
1207776225550372880
1207773055738679296
1207772501197107200
1207771825448636418
1207769996379795456
1207756047169064965
1207749577551601664
1207737752349028353
1207737565798895621
1207732060263202817
1207730104702554112
1207728966578163712
1207728277202313218
1207727265003581442
1207718434924089344
1207717945696292864
1207717693597605889
1207715150284890112
1207714715532713984
1207712856290086912
1207706856854040578
1207706327029571585
1207698855824887808
1207697317362622468
1207697272156434432
1207696685553594369
1207694814990475264
1207692827842482178
1207690660297478150
1207689196388995073
1207688953266147329
1207688891760820225
1207688463388160008
1207688394194722817
1207688276347379712
1207368904127008769
1199099837570048000
1198929356753641472
1196740581378142213
1196083420058865664
1196073647955423236
1193756645257555968
1192825957360508930
1189514274642825218
1189197450919272450
1189110370234970112
1189098591257792512
1189091072695255040
1189086722241507328
1189079727514046465
1188981707820748801
1188950686253207558
1188950113575673856
1188946461192544257
1188931073041948672
1188915931071864833
1188912302281646080
1188908168161742852
1188906947665420288
1188899251469934592
1188898058924429312
1188893736991936513
1188892254053847046
1188890721190895622
1188889546911551489
1188888226112643073
1188887337574567937
1188018832335613952
1187661861262712832
1186696837966827520
1186680576490790913
1186584216043249666
1186571939197997056
1186563651664334849
1186411472580153344
1186380463797088256
1186280663739228166
1186230031787462657
1186212721769041920
1186209290488631296
1186209172033028097
1186203368865370112
1186197561134211072
1186193465136308224
1186181245253885952
1186179570099277824
1186170280756023297
1186167992897429505
1186151588366290945
1186024186583683076
1186021573070901248
1186016518951329792
1186010566709653504
1186001569172602881
1186001281527234561
1186000033331798016
1185999725201416192
1185999455176265730
1185998182968373252
1185998118850088962
1185998034108329984
1185997946661359617
1185839793458077697
1185830130062675969
1185205152937963520
1185197621859799041
1185128651068727297
1185126803536601088
1185125866092793856
1185119455615082498
1185106807620026368
1185104031137619968
1185099447493103616
1185094558503374849
1185093004169797632
1184942495706370059
1184918436742348800
1184785978243895297
1184764681719820288
1184758258931765249
1184754671900073984
1184745498516873216
1184745086694895616
1184741970280964097
1184740809372909569
1184732072780406784
1184730872681041920
1184727550691545089
1184727489685458944
1184726702112591873
1184726398759526400
1184726384289239040
1184726090465632256
1184725864577191936
1184340047224549376
1184217372049268736
1184199544369750016
1183835397371170817
1183807085592662017
1183804882169614342
1183804792688304129
1183789712441565185
1183741789028704257
1183736355769241600
1183706076614725632
1183677756024016896
1183665650801299457
1183660321925451777
1183649758541471745
1183636446319644672
1183630103772909568
1183623257762811904
1183620827905957889
1183617893315031040
1183579959941402624
1183519291662045185
1183506972332699648
1183503823320563712
1183502589301841921
1183502381226582021
1183478110379008000
1183477873094598658
1183477583830306816
1183474909508444162
1183472511029264385
1183467300571271172
1183459700823736320
1183453696614633474
1183450987018801152
1183450949362339840
1183450482087464960
1183376668636921856
1183363172134199298
1183345400360636416
1183344893030260737
1183267061579091968
1183149886918811648
1183138658620186626
1183121388229537792
1183114745890705408
1183113872519106561
1183113826549616641
1183112944562966528
1183106320834146304
1183104219903070208
1183101509539696641
1183095820851339267
1183091542090756098
1183080766017855488
1183080141754458113
1183074084957097985
1183073681515433984
1183072062560182272
1183071254439432193
1183071033982623744
1183070202357002241
1183069956914565120
1183051429881241605
1183049397996785664
1183041088380116992
1183031652504756225
1183001541512515584
1182982326806106112
1182954890043285504
1182903355473051648
1182780293687721985
1182771420209778688
1182770084865040389
1182761962826031104
1182761815467581441
1182760414670655489
1182754373958393856
1182752337015771141
1182742277573304320
1182741390708621312
1182740387921891330
1182739348523044864
1182735496885231616
1182734767692926976
1182732177953427456
1182727189877403648
1182725130725789700
1182197540692865024
1181864336253444096
1181652022136905729
1181643342125420544
1181630045426728960
1181626430339330048
1181622193890963457
1181619681590988800
1181617060834615296
1181554318316593152
1181552821893812224
1181544155132125187
1181542950796435457
1181541331803541505
1181536157399691265
1181535574798323713
1181535460318793729
1181524891775971328
1181511518032142336
1181507416481026048
1181491235707596800
1181485539930902528
1181483922284261377
1181472435360686081
1181460736050188288
1181458326816772097
1181456621786017792
1181453849598595072
1181450746115559424
1181449426591784960
1181448975804698624
1181445851455148032
1181443534525734912
1181442648223223808
1181438910234349569
1181344613405212672
1181336636577239041
1181336065187168262
1181333567617605632
1181331636228632576
1181330291501096961
1181329784162455552
1181326390064496641
1181324980304404482
1181320905760415744
1181320746905284608
1181319056244248584
1181316093308211200
1181315314811887616
1181314616334401536
1181314224527740929
1181312770605768705
1181309521362329600
1181306132352110592
1181301125313650689
1181300688745385984
1181300043812409346
1181299476176220161
1181298627882434566
1181295497841131520
1181294819093745666
1181294438741663745
1181286549654298626
1180849154865668098
1180833931341549569
1180800508057079808
1180770545207578624
1180753279422259200
1180752038243766272
1180747394301997056
1180586437399306240
1180577022856351745
1180565867249184770
1180556145771106304
1180553103130726405
1180552061542375430
1180551722705571842
1180550867650596866
