1194759472087998465
1193173567313240075
1189861431048622080
1184537212303630336
1184244273245573120
1179055854794018816
1168968080690749441
1158490894028460032
1153342828149379074
1133792320040701953
1133305785910550528
1093899576329801729
1082258629116465152
1014072131666276354
980494246603051009
951838283780194304
930829985241280512
918031841759780864
911729779820433408
887252498054033408
885838630928994304
873636843627196416
868787843510013953
863848156739629056
862282069153599488
861628345041244160
860896517737119747
860188105982320644
859433240452583424
857669618772713473
857641376628043778
854280215601840128
802599212194131968
797021745563766785
761499948890329088
748453510048518145
747807250819981312
733395174475210752
727494797490049024
713022379065221121
707967655031005186
700732124299714561
4785228995
4764882552
4490851456
4453006828
4439444062
4285605677
4104745522
4010545737
3823970661
3817818435
3401851379
3369594003
3369212393
3320682953
3306903539
3252801106
3240259683
3183943337
3131144855
3128468829
3092429597
3037079585
3036280263
3031080322
3030160806
3030111953
3028314515
3012159189
3011043981
3005893073
3001829008
3000261466
2999868527
2986235404
2982986710
2981900049
2979904613
2979642791
2979630241
2942626846
2932558313
2916227068
2902930059
2890801661
2864289041
2863865170
2862527512
2855674449
2855602085
2834640796
2801867041
2797521996
2795272097
2788637049
2787943494
2776689260
2707851346
2660755152
2616215901
2601366250
2583270112
2528020694
2490452258
2472200292
2425571623
2406093795
2382227424
2350948635
2350624098
2323710210
2318830022
2278921206
2271025438
2245759171
2209331701
2205165174
2202981242
2173779986
2173202897
2157036506
1978270322
1865540413
1858780626
1731554581
1722829178
1715832776
1655569938
1650144662
1633543440
1606157958
1530621674
1513382018
1478483473
1469686752
1469672990
1464467370
1442028488
1418358025
1407768792
1374937922
1351389578
1350441445
1337725045
1337283895
1328897358
1325563478
1305528373
1302003805
1271714653
1216506050
1179455215
1170457166
1154951216
1154535918
1114681081
1067829343
1048278487
1006402848
995322806
993161678
990891818
952069440
948015937
927480949
883173469
873819098
871469846
831250927
830775721
815306454
813678139
810372954
806388620
805185025
804596460
776022362
759067032
737066858
728039018
722347303
706747004
624746312
622426905
620007630
609096352
608008015
606306570
593650130
576682647
570197439
568249574
568174146
562385310
550076077
545081356
536479831
532351874
532241033
518660800
515520108
499781930
499590887
496060628
487655647
485146783
482866177
481120639
475138726
474180693
462856853
457060718
456537189
454933267
446633079
436576452
435980092
432396682
431730103
429751008
425774290
422184091
415910519
415449314
408454349
407741330
406646373
401568431
401469367
398627964
397566701
397160160
393436815
389443487
389421264
388250401
387054267
386776248
385306338
383238347
382181117
381433782
377319290
376161322
372251146
371201577
370700221
370033792
368314502
366525113
355623405
351812038
351657777
350223904
349075382
342187925
331178901
328634628
315283542
311956971
309587728
300872531
300457581
297967419
295948042
295807687
287212988
280574046
277969601
277499481
276868661
269788397
265280042
262163061
261886643
259215762
255998767
255277792
252077991
251783210
250601094
250311545
250091875
249845912
248186795
245849058
244540519
243306810
240808845
240243637
240202308
237341484
236588290
236395049
222762589
222748037
222419520
219976700
219298196
218789670
217148014
216516145
215778638
211883434
210446472
209029473
207697553
206263631
202610289
200700960
200519122
195808903
195752750
192935794
191807697
191074455
189280488
187632184
185790986
175512020
174396155
172090468
169898513
166598394
164226176
158315486
155892458
154943205
154661114
144791011
143739561
143508762
143405324
143212610
140604687
140020746
134257511
132490359
131517399
131268401
131120978
130280613
130133607
130092487
129951559
129569947
127619354
125312818
125270251
124270074
124170781
121127090
120720108
120236641
119356526
117777690
116864791
116459535
114505454
113491007
113476721
112761860
112398730
111411358
110767433
108654496
108587399
107722321
105838665
105800463
103879974
102107018
102023574
101712079
100520303
100260784
97402576
95172754
94701778
93880122
92498317
92091625
91786287
90646214
87647640
86192099
82093305
80968760
80943076
80812413
80802900
80151292
80021045
79550633
78702900
77981490
77808680
77234984
76650839
76579281
75562171
72341341
71777646
70932572
68659708
68357219
67323615
66078636
65357102
64679759
62782561
62613162
61781260
61733092
61660254
61052508
58821256
54351001
52412027
52124856
51062977
50714939
49619469
48370685
48280657
47916280
46609085
43865757
43312141
41195676
38880112
38671387
38281180
37891233
36924726
36664451
36158689
36154400
34374472
33031863
32439211
32369044
32361590
31756041
28354217
28329646
28306725
27212119
26796376
26035809
25718389
25091518
24963373
24909650
24727170
24211594
24045870
23749162
23452834
23452598
23424533
23364828
23056912
22645918
22505462
22474050
22378075
22031058
21769986
21746513
21744895
21736214
21713090
21408041
21188077
21174263
21084719
20995745
20995648
20924620
20763907
20508666
20473134
20424362
20392734
20362684
20325923
20238327
20229729
20226550
20148039
20132840
20052899
20000725
19977759
19915728
19858924
19825835
19758148
19619404
19608199
19589280
19407599
19295262
19177609
19087569
19058678
18951643
18627119
18099795
18020612
17685009
17484283
17298241
16970757
16884084
16134235
15726425
15580900
15453062
15157283
15133808
14758838
14728535
14691032
14590758
14561015
14395178
14284260
14104027
14077382
11564602
10955042
9260332
